== mpu_gate disable=0
publish,16,1000,5666,5750,5792,93750,,
read,16,1000,1708,1750,1750,3417,,
wait wake-up,16,2499,48416,147708,157584,2023625,,0
poll wake-up, 100 us,16,2499,34750,104500,526000,2656084,,0
== mpu_gate disable=1
publish,16,1000,5666,5750,5792,102833,,
read,16,1000,1708,1750,1750,3750,,
wait wake-up,16,2499,39459,51791,119083,2085875,,0
poll wake-up, 100 us,16,2498,33250,106958,180042,2029958,,1
== mpu_gate disable=0
publish,16,1000,5666,5750,5792,17083,,
read,16,1000,1708,1750,1750,4459,,
wait wake-up,16,2499,45666,147667,158542,2038209,,0
poll wake-up, 100 us,16,2499,35750,91875,515000,2241500,,0
== mpu_gate disable=1
publish,16,1000,5666,5791,5875,92667,,
read,16,1000,1708,1750,1750,3792,,
wait wake-up,16,2499,39792,51583,109333,2077208,,0
poll wake-up, 100 us,16,2499,33542,106209,179375,2109375,,0
0
